0.097835 0.439962 0.262900 0.317637 -0.665775 -1.730977 1.000000 0.000000
0.097835 0.439962 0.262900 0.317637 -0.665775 -1.730977 1.000000 1.000000
0.081716 0.445345 0.251504 0.340183 -0.674750 -1.755329 1.000000 2.000000
0.068936 0.448197 0.243511 0.363620 -0.673376 -1.769356 1.000000 3.000000
0.069747 0.453304 0.233704 0.357067 -0.679668 -1.770569 1.000000 4.000000
0.064009 0.457163 0.225119 0.363315 -0.682875 -1.778841 1.000000 5.000000
0.055642 0.459119 0.220099 0.372190 -0.681896 -1.786323 1.000000 6.000000
0.049242 0.466088 0.217087 0.375394 -0.681628 -1.789411 1.000000 7.000000
0.040862 0.465598 0.216675 0.382186 -0.679734 -1.792862 1.000000 8.000000
0.031047 0.465610 0.216729 0.391306 -0.676005 -1.798331 1.000000 9.000000
0.024079 0.466198 0.215464 0.395570 -0.676829 -1.802202 1.000000 10.000000
0.017998 0.461249 0.214272 0.398190 -0.677186 -1.803119 1.000000 11.000000
0.013885 0.462045 0.213347 0.396905 -0.678645 -1.799132 1.000000 12.000000
0.003152 0.467393 0.213567 0.409692 -0.675450 -1.806795 1.000000 13.000000
-0.006813 0.461917 0.213284 0.421038 -0.672736 -1.814456 1.000000 14.000000
-0.015552 0.468222 0.212439 0.429054 -0.670055 -1.821661 1.000000 15.000000
-0.029355 0.467940 0.211329 0.447538 -0.666685 -1.835249 1.000000 16.000000
-0.047450 0.467615 0.210084 0.474134 -0.658612 -1.851568 1.000000 17.000000
-0.064178 0.465589 0.209135 0.497851 -0.652118 -1.865428 1.000000 18.000000
-0.081385 0.470616 0.194886 0.517561 -0.639762 -1.880572 1.000000 19.000000
-0.101840 0.469077 0.197091 0.547693 -0.622213 -1.900256 1.000000 20.000000
-0.122644 0.466546 0.188343 0.573597 -0.612029 -1.921572 1.000000 21.000000
-0.147472 0.468547 0.179036 0.611542 -0.598379 -1.950672 1.000000 22.000000
-0.173217 0.467850 0.170496 0.651133 -0.584591 -1.983672 1.000000 23.000000
-0.198651 0.469444 0.159205 0.690519 -0.571435 -2.013568 1.000000 24.000000
-0.225609 0.466875 0.152593 0.730812 -0.552066 -2.037714 1.000000 25.000000
-0.255814 0.464906 0.143622 0.775454 -0.530942 -2.070523 1.000000 26.000000
-0.285742 0.461676 0.135275 0.815937 -0.508913 -2.102938 1.000000 27.000000
-0.314147 0.459026 0.126062 0.852787 -0.489263 -2.134639 1.000000 28.000000
-0.349987 0.453644 0.123506 0.907802 -0.458966 -2.172340 1.000000 29.000000
-0.376954 0.446334 0.120755 0.936462 -0.435399 -2.186239 1.000000 30.000000
-0.401825 0.434881 0.116793 0.959348 -0.415406 -2.201928 1.000000 31.000000
-0.429067 0.426907 0.119282 0.981894 -0.387786 -2.214006 1.000000 32.000000
-0.455501 0.415734 0.123573 1.003824 -0.365089 -2.225572 1.000000 33.000000
-0.481436 0.408765 0.123275 1.024646 -0.348492 -2.241341 1.000000 34.000000
-0.507949 0.399296 0.125640 1.045322 -0.332364 -2.253366 1.000000 35.000000
-0.535061 0.390232 0.132698 1.062796 -0.315157 -2.261306 1.000000 36.000000
-0.562959 0.376621 0.140943 1.074491 -0.299774 -2.266569 1.000000 37.000000
-0.586528 0.360591 0.149100 1.076453 -0.297171 -2.266536 1.000000 38.000000
-0.610593 0.352449 0.155134 1.085495 -0.285181 -2.271929 1.000000 39.000000
-0.632485 0.329535 0.173119 1.089260 -0.281844 -2.273612 1.000000 40.000000
-0.652272 0.318518 0.183518 1.088853 -0.278332 -2.278294 1.000000 41.000000
-0.666334 0.302805 0.202323 1.093574 -0.268228 -2.283316 1.000000 42.000000
-0.684188 0.276278 0.225470 1.099180 -0.257145 -2.292140 1.000000 43.000000
-0.696066 0.265777 0.237083 1.099444 -0.249749 -2.298879 1.000000 44.000000
-0.708626 0.238346 0.268970 1.095696 -0.238015 -2.302606 1.000000 45.000000
-0.724402 0.203615 0.312645 1.110386 -0.218736 -2.318014 1.000000 46.000000
-0.736804 0.171342 0.353294 1.124728 -0.185429 -2.329067 1.000000 47.000000
-0.744029 0.147376 0.383280 1.134719 -0.171970 -2.335706 1.000000 48.000000
-0.748957 0.121998 0.416637 1.143060 -0.159458 -2.334945 1.000000 49.000000
-0.751290 0.096427 0.446214 1.150202 -0.148571 -2.333657 1.000000 50.000000
-0.750110 0.073604 0.482818 1.152768 -0.149336 -2.323089 1.000000 51.000000
-0.747236 0.054092 0.522169 1.152689 -0.157409 -2.315793 1.000000 52.000000
-0.747494 0.051404 0.520513 1.180141 -0.177656 -2.360906 1.000000 53.000000
-0.745975 0.034477 0.549132 1.192015 -0.190999 -2.368390 1.000000 54.000000
-0.740907 0.019692 0.573029 1.201362 -0.199105 -2.370229 1.000000 55.000000
-0.742757 0.010217 0.591177 1.209237 -0.214532 -2.377839 1.000000 56.000000
-0.741231 0.003772 0.602926 1.213605 -0.225515 -2.383570 1.000000 57.000000
-0.739198 -0.005902 0.620217 1.219020 -0.233527 -2.385999 1.000000 58.000000
-0.734219 -0.026261 0.653369 1.229231 -0.236850 -2.385351 1.000000 59.000000
-0.733065 -0.043945 0.680813 1.235384 -0.227822 -2.384598 1.000000 60.000000
-0.739777 -0.065185 0.707824 1.258414 -0.219846 -2.395350 1.000000 61.000000
-0.742171 -0.087295 0.739483 1.264063 -0.209905 -2.392751 1.000000 62.000000
-0.743133 -0.100494 0.758000 1.270011 -0.193828 -2.392945 1.000000 63.000000
-0.747584 -0.118393 0.778665 1.279496 -0.185710 -2.393026 1.000000 64.000000
-0.752969 -0.136550 0.798604 1.288085 -0.162030 -2.393211 1.000000 65.000000
-0.759342 -0.163984 0.830329 1.299591 -0.131401 -2.391825 1.000000 66.000000
-0.763928 -0.185372 0.853947 1.302545 -0.108345 -2.391505 1.000000 67.000000
-0.768424 -0.205978 0.876023 1.304234 -0.084910 -2.389317 1.000000 68.000000
-0.773023 -0.220492 0.887668 1.303878 -0.065181 -2.394183 1.000000 69.000000
-0.778314 -0.236875 0.895541 1.308636 -0.039097 -2.396089 1.000000 70.000000
-0.783796 -0.259552 0.912451 1.313525 -0.007359 -2.392736 1.000000 71.000000
-0.786261 -0.258645 0.898378 1.295424 -0.002254 -2.396664 1.000000 72.000000
-0.791189 -0.268049 0.895726 1.296524 0.022314 -2.388902 1.000000 73.000000
-0.794984 -0.268103 0.877000 1.292026 0.030737 -2.406551 1.000000 74.000000
-0.797677 -0.266369 0.862765 1.280321 0.039676 -2.412526 1.000000 75.000000
-0.798114 -0.275291 0.870010 1.268430 0.053644 -2.407115 1.000000 76.000000
-0.800546 -0.278907 0.867845 1.255604 0.065506 -2.417404 1.000000 77.000000
-0.800521 -0.293777 0.885745 1.248518 0.081560 -2.415066 1.000000 78.000000
-0.801623 -0.319253 0.921178 1.240919 0.122440 -2.398689 1.000000 79.000000
-0.796804 -0.333358 0.942238 1.238185 0.138916 -2.404217 1.000000 80.000000
-0.795500 -0.365928 0.995752 1.239623 0.170060 -2.408712 1.000000 81.000000
-0.800837 -0.363401 0.989047 1.248764 0.173251 -2.422177 1.000000 82.000000
-0.796918 -0.369697 0.998854 1.264418 0.176440 -2.423136 1.000000 83.000000
-0.806683 -0.348406 0.951293 1.311595 0.150986 -2.460220 1.000000 84.000000
-0.807098 -0.353103 0.961142 1.326423 0.150982 -2.449424 1.000000 85.000000
-0.804247 -0.365376 0.991200 1.349278 0.128719 -2.432712 1.000000 86.000000
-0.806915 -0.364493 0.999966 1.368417 0.096116 -2.431785 1.000000 87.000000
-0.805430 -0.305326 0.907067 1.392386 0.038309 -2.494643 1.000000 88.000000
-0.805985 -0.309924 0.927822 1.408860 0.020070 -2.478856 1.000000 89.000000
-0.802069 -0.285013 0.892637 1.448157 -0.038565 -2.492634 1.000000 90.000000
-0.797769 -0.265009 0.862119 1.469308 -0.044968 -2.509980 1.000000 91.000000
-0.793287 -0.269590 0.884362 1.474806 -0.067952 -2.486866 1.000000 92.000000
-0.790515 -0.256109 0.867110 1.472100 -0.073089 -2.492268 1.000000 93.000000
-0.781616 -0.247132 0.852383 1.465455 -0.065704 -2.496990 1.000000 94.000000
-0.775464 -0.253739 0.867040 1.439116 -0.043463 -2.485764 1.000000 95.000000
-0.773992 -0.228729 0.822292 1.418004 -0.043324 -2.507021 1.000000 96.000000
-0.767213 -0.235570 0.837190 1.368119 -0.010001 -2.481403 1.000000 97.000000
-0.754441 -0.245922 0.853876 1.319910 0.027938 -2.438420 1.000000 98.000000
-0.751470 -0.224050 0.805774 1.292419 0.044533 -2.439492 1.000000 99.000000
-0.741975 -0.229533 0.814745 1.248924 0.072532 -2.413735 1.000000 100.000000
-0.741123 -0.207081 0.772447 1.228501 0.073676 -2.429081 1.000000 101.000000
-0.734090 -0.182963 0.738287 1.189556 0.073648 -2.453812 1.000000 102.000000
-0.734098 -0.163607 0.711117 1.185083 0.058291 -2.473694 1.000000 103.000000
-0.735102 -0.142874 0.676786 1.201593 0.040229 -2.491307 1.000000 104.000000
-0.736432 -0.142460 0.680984 1.215935 0.035847 -2.486859 1.000000 105.000000
-0.740582 -0.155256 0.702695 1.264923 0.028163 -2.491490 1.000000 106.000000
-0.736908 -0.142967 0.692686 1.292147 -0.015697 -2.506176 1.000000 107.000000
-0.729017 -0.112279 0.666985 1.292985 -0.085317 -2.555903 1.000000 108.000000
-0.721825 -0.125854 0.706425 1.303592 -0.088505 -2.544792 1.000000 109.000000
-0.719328 -0.118730 0.698406 1.332754 -0.121165 -2.570338 1.000000 110.000000
-0.709070 -0.107760 0.683772 1.369091 -0.160767 -2.596683 1.000000 111.000000
-0.706132 -0.106470 0.681394 1.388702 -0.164597 -2.610831 1.000000 112.000000
-0.693154 -0.098868 0.672570 1.397018 -0.180843 -2.623264 1.000000 113.000000
-0.687598 -0.101681 0.673719 1.395931 -0.168863 -2.613922 1.000000 114.000000
-0.685439 -0.082410 0.636186 1.390451 -0.174630 -2.618746 1.000000 115.000000
-0.683935 -0.073112 0.612982 1.366047 -0.165530 -2.596427 1.000000 116.000000
-0.676234 -0.081075 0.628437 1.309918 -0.141850 -2.522636 1.000000 117.000000
-0.679288 -0.075578 0.604750 1.296295 -0.127517 -2.524533 1.000000 118.000000
-0.677394 -0.059035 0.580041 1.251145 -0.134977 -2.522532 1.000000 119.000000
-0.680577 -0.050858 0.555793 1.240617 -0.132208 -2.525856 1.000000 120.000000
-0.685307 -0.045797 0.534169 1.236904 -0.125841 -2.535876 1.000000 121.000000
-0.687373 -0.034026 0.510702 1.225048 -0.135063 -2.548307 1.000000 122.000000
-0.690215 -0.029238 0.495530 1.219819 -0.136457 -2.554088 1.000000 123.000000
-0.691370 -0.024702 0.484832 1.207468 -0.140737 -2.554332 1.000000 124.000000
-0.691658 -0.021458 0.480135 1.191997 -0.146592 -2.551319 1.000000 125.000000
-0.693539 -0.021147 0.474040 1.180926 -0.147911 -2.553343 1.000000 126.000000
-0.696981 -0.019167 0.468263 1.178898 -0.153129 -2.557126 1.000000 127.000000
-0.704443 -0.027254 0.478685 1.187122 -0.146946 -2.554423 1.000000 128.000000
-0.708415 -0.031234 0.480255 1.188957 -0.144656 -2.544690 1.000000 129.000000
-0.716575 -0.032190 0.475284 1.204251 -0.152205 -2.535962 1.000000 130.000000
-0.726997 -0.038127 0.475455 1.216161 -0.151896 -2.537996 1.000000 131.000000
-0.730355 -0.041458 0.475888 1.221374 -0.153209 -2.540424 1.000000 132.000000
-0.738955 -0.038581 0.467362 1.230659 -0.161117 -2.547949 1.000000 133.000000
-0.743099 -0.035788 0.458303 1.250503 -0.168572 -2.559531 1.000000 134.000000