923.310522, 233.607330, 1884.392972, -0.498711, 0.580934, -0.507280, 0.395544, 1.000000, 0.000000
923.624275, 230.104031, 1882.412603, -0.498130, 0.579616, -0.509816, 0.394950, 1.000000, 1.000000
924.371318, 226.551327, 1879.301138, -0.498062, 0.578531, -0.509858, 0.396568, 1.000000, 2.000000
925.481364, 224.223618, 1874.141241, -0.499420, 0.578978, -0.506939, 0.397947, 1.000000, 3.000000
926.468035, 221.194982, 1869.067114, -0.498484, 0.578634, -0.509710, 0.396078, 1.000000, 4.000000
927.864790, 217.729644, 1864.607995, -0.498332, 0.578221, -0.510824, 0.395436, 1.000000, 5.000000
929.085647, 213.391406, 1860.814041, -0.498515, 0.578766, -0.510787, 0.394453, 1.000000, 6.000000
929.933820, 208.420175, 1858.699593, -0.497577, 0.579739, -0.511558, 0.393210, 1.000000, 7.000000
930.989489, 203.384751, 1857.417936, -0.496869, 0.581176, -0.511286, 0.392338, 1.000000, 8.000000
931.909548, 198.157423, 1856.837490, -0.496496, 0.582354, -0.510955, 0.391491, 1.000000, 9.000000
932.823169, 193.032284, 1856.567892, -0.495105, 0.583059, -0.512021, 0.390812, 1.000000, 10.000000
933.623387, 188.167614, 1856.466856, -0.493627, 0.584412, -0.512517, 0.390011, 1.000000, 11.000000
934.219698, 183.336760, 1856.634108, -0.491237, 0.586671, -0.512801, 0.389262, 1.000000, 12.000000
934.390507, 178.640594, 1856.725088, -0.490725, 0.587420, -0.512226, 0.389535, 1.000000, 13.000000
934.524888, 174.141173, 1856.568571, -0.490529, 0.587899, -0.511949, 0.389425, 1.000000, 14.000000
934.231601, 169.309753, 1855.944632, -0.490155, 0.588047, -0.512643, 0.388759, 1.000000, 15.000000
933.884469, 164.407182, 1854.664280, -0.490503, 0.587837, -0.512091, 0.389364, 1.000000, 16.000000
933.560874, 159.294519, 1852.521752, -0.491836, 0.588345, -0.509476, 0.390345, 1.000000, 17.000000
933.922329, 153.935071, 1848.198135, -0.493039, 0.589677, -0.506636, 0.390513, 1.000000, 18.000000
934.621255, 148.435799, 1842.665973, -0.495561, 0.589449, -0.504634, 0.390258, 1.000000, 19.000000
935.845936, 142.765634, 1835.919046, -0.500185, 0.590543, -0.500307, 0.388272, 1.000000, 20.000000
937.539471, 136.910786, 1827.941146, -0.503509, 0.589654, -0.497776, 0.388578, 1.000000, 21.000000
939.551796, 130.941343, 1819.124407, -0.507899, 0.588316, -0.493884, 0.389855, 1.000000, 22.000000
941.548729, 124.589321, 1811.026986, -0.512288, 0.586104, -0.490847, 0.391279, 1.000000, 23.000000
943.492826, 117.692399, 1802.384429, -0.515792, 0.584906, -0.487180, 0.393047, 1.000000, 24.000000
945.520511, 110.474396, 1793.659545, -0.519601, 0.585567, -0.480855, 0.394829, 1.000000, 25.000000
947.649610, 102.730032, 1785.003899, -0.524416, 0.584043, -0.475114, 0.397661, 1.000000, 26.000000
950.506179, 92.970009, 1775.055709, -0.529245, 0.582630, -0.470333, 0.399015, 1.000000, 27.000000
953.603591, 82.402673, 1765.284087, -0.533468, 0.580946, -0.466591, 0.400239, 1.000000, 28.000000
956.980353, 71.099041, 1756.231403, -0.539624, 0.579231, -0.457754, 0.404653, 1.000000, 29.000000
960.383361, 58.667038, 1747.761239, -0.542523, 0.581882, -0.450227, 0.405417, 1.000000, 30.000000
963.836090, 45.152896, 1740.283860, -0.544967, 0.583280, -0.445685, 0.405149, 1.000000, 31.000000
966.760810, 31.681302, 1735.218560, -0.547440, 0.584652, -0.440795, 0.405187, 1.000000, 32.000000
969.350540, 16.632036, 1731.146960, -0.549508, 0.586571, -0.435675, 0.405153, 1.000000, 33.000000
972.059792, 0.063318, 1727.958688, -0.549872, 0.587621, -0.433364, 0.405615, 1.000000, 34.000000
975.135521, -18.161066, 1725.650982, -0.549021, 0.589827, -0.430969, 0.406119, 1.000000, 35.000000
979.583164, -41.769931, 1724.019098, -0.547585, 0.594184, -0.427456, 0.405418, 1.000000, 36.000000
984.463489, -66.987234, 1722.873406, -0.545120, 0.599049, -0.426120, 0.402981, 1.000000, 37.000000
990.019620, -92.845811, 1722.210382, -0.539730, 0.605598, -0.427912, 0.398526, 1.000000, 38.000000
996.029279, -119.329615, 1722.375503, -0.536128, 0.610203, -0.428088, 0.396168, 1.000000, 39.000000
1002.323556, -145.899119, 1723.409248, -0.531711, 0.615438, -0.429631, 0.392336, 1.000000, 40.000000
1007.732840, -168.060085, 1724.962260, -0.528010, 0.618563, -0.433107, 0.388580, 1.000000, 41.000000
1013.339472, -189.331083, 1727.406889, -0.527471, 0.620055, -0.434043, 0.385881, 1.000000, 42.000000
1020.313431, -211.981565, 1732.289750, -0.527402, 0.619979, -0.436133, 0.383736, 1.000000, 43.000000
1026.923951, -232.651436, 1737.976078, -0.525666, 0.620124, -0.440360, 0.381047, 1.000000, 44.000000
1033.181359, -251.222802, 1744.610360, -0.527614, 0.619046, -0.443297, 0.376678, 1.000000, 45.000000
1039.984037, -267.785468, 1752.830450, -0.532720, 0.613338, -0.443757, 0.378282, 1.000000, 46.000000
1046.680388, -281.946006, 1761.968075, -0.541114, 0.606466, -0.440898, 0.380781, 1.000000, 47.000000
1052.539103, -291.924695, 1771.184287, -0.544064, 0.601920, -0.441358, 0.383250, 1.000000, 48.000000
1059.275932, -300.629984, 1781.585178, -0.546274, 0.598922, -0.440383, 0.385913, 1.000000, 49.000000
1067.195907, -307.965440, 1793.558203, -0.547841, 0.595403, -0.440468, 0.389028, 1.000000, 50.000000
1075.806382, -313.693973, 1809.508260, -0.545711, 0.594486, -0.442186, 0.391467, 1.000000, 51.000000
1084.230986, -318.115607, 1826.390298, -0.542785, 0.592447, -0.447141, 0.392993, 1.000000, 52.000000
1092.199310, -321.115006, 1844.024097, -0.538038, 0.576568, -0.463667, 0.403833, 1.000000, 53.000000
1099.506155, -323.028430, 1862.255714, -0.534147, 0.570097, -0.471030, 0.409620, 1.000000, 54.000000
1105.839493, -324.236384, 1879.961739, -0.530242, 0.565203, -0.476610, 0.414986, 1.000000, 55.000000
1110.870881, -325.571661, 1894.253476, -0.525751, 0.560230, -0.483848, 0.419046, 1.000000, 56.000000
1115.622898, -326.671392, 1908.103249, -0.521270, 0.555796, -0.490937, 0.422289, 1.000000, 57.000000
1119.968095, -327.789950, 1920.864135, -0.517874, 0.552058, -0.495831, 0.425638, 1.000000, 58.000000
1124.653798, -328.579558, 1933.702832, -0.516825, 0.547625, -0.498336, 0.429692, 1.000000, 59.000000
1128.805464, -329.901390, 1944.934098, -0.517949, 0.542505, -0.499388, 0.433594, 1.000000, 60.000000
1132.553927, -331.753613, 1953.996781, -0.519365, 0.534835, -0.500085, 0.440566, 1.000000, 61.000000
1136.133749, -334.411590, 1960.674119, -0.522567, 0.530067, -0.498885, 0.443890, 1.000000, 62.000000
1139.396340, -337.861078, 1964.081433, -0.525266, 0.526326, -0.497651, 0.446531, 1.000000, 63.000000
1142.077395, -342.691724, 1963.279224, 0.527910, -0.524534, 0.495536, -0.447988, 1.000000, 64.000000
1144.462448, -348.281013, 1959.637232, 0.533659, -0.521680, 0.490731, -0.449794, 1.000000, 65.000000
1147.179278, -354.658842, 1953.825043, 0.542624, -0.517272, 0.483652, -0.451817, 1.000000, 66.000000
1150.105475, -361.833416, 1945.648511, 0.550514, -0.514249, 0.478139, -0.451589, 1.000000, 67.000000
1153.306573, -369.887270, 1935.969424, 0.558128, -0.512445, 0.472435, -0.450295, 1.000000, 68.000000
1156.021559, -378.583003, 1924.163936, 0.565127, -0.510520, 0.468210, -0.448157, 1.000000, 69.000000
1160.024099, -389.056611, 1907.748164, 0.573212, -0.509947, 0.459738, -0.447309, 1.000000, 70.000000
1163.712772, -399.988468, 1889.925841, 0.582990, -0.509467, 0.448438, -0.446687, 1.000000, 71.000000
1166.982944, -411.172456, 1870.750808, 0.587322, -0.514197, 0.443946, -0.440029, 1.000000, 72.000000
1169.792871, -422.395216, 1851.184298, 0.593499, -0.519271, 0.432575, -0.437098, 1.000000, 73.000000
1172.831541, -433.293427, 1831.788418, 0.598269, -0.519809, 0.427917, -0.434532, 1.000000, 74.000000
1174.106524, -442.400445, 1814.372579, 0.602673, -0.522360, 0.424244, -0.428952, 1.000000, 75.000000
1175.068294, -450.368410, 1797.447878, 0.609679, -0.525428, 0.417913, -0.421451, 1.000000, 76.000000
1175.832059, -456.759850, 1784.533344, 0.615316, -0.524125, 0.417431, -0.415314, 1.000000, 77.000000
1175.580378, -461.571801, 1772.337585, 0.623271, -0.523066, 0.411690, -0.410488, 1.000000, 78.000000
1174.075658, -463.700908, 1761.796493, 0.634065, -0.521916, 0.401070, -0.405907, 1.000000, 79.000000
1172.250999, -464.104749, 1754.891041, 0.642233, -0.515682, 0.399034, -0.403028, 1.000000, 80.000000
1170.048826, -463.306480, 1752.214810, 0.654053, -0.502650, 0.398549, -0.400956, 1.000000, 81.000000
1167.903179, -460.594935, 1752.805098, 0.655686, -0.496623, 0.399368, -0.404963, 1.000000, 82.000000
1166.774492, -457.361470, 1759.000319, 0.655555, -0.491855, 0.398999, -0.411308, 1.000000, 83.000000
1166.760373, -455.018790, 1770.409186, 0.645888, -0.484521, 0.403510, -0.430460, 1.000000, 84.000000
1168.020119, -452.738170, 1786.418412, 0.639503, -0.482367, 0.405395, -0.440525, 1.000000, 85.000000
1170.119012, -449.101169, 1807.996079, 0.631333, -0.481651, 0.408876, -0.449781, 1.000000, 86.000000
1172.428795, -446.691320, 1830.077909, 0.620357, -0.480133, 0.418708, -0.457565, 1.000000, 87.000000
1174.194849, -442.311998, 1855.915942, 0.597056, -0.473482, 0.443394, -0.472013, 1.000000, 88.000000
1174.883057, -435.661186, 1882.964091, 0.586147, -0.473409, 0.448654, -0.480710, 1.000000, 89.000000
1174.851553, -428.183916, 1908.201313, 0.567433, -0.472748, 0.456606, -0.496085, 1.000000, 90.000000
1173.641202, -419.451099, 1927.400365, -0.555506, 0.468002, -0.461720, 0.509163, 1.000000, 91.000000
1172.483503, -410.353138, 1941.603681, -0.551760, 0.469859, -0.461260, 0.511934, 1.000000, 92.000000
1171.156259, -401.363844, 1944.178760, -0.550033, 0.470483, -0.462046, 0.512509, 1.000000, 93.000000
1170.934879, -394.373167, 1938.339045, -0.553344, 0.469580, -0.460437, 0.511220, 1.000000, 94.000000
1170.943847, -386.858844, 1923.497316, -0.566388, 0.469874, -0.455329, 0.501144, 1.000000, 95.000000
1171.615080, -381.462702, 1900.351042, 0.573513, -0.470877, 0.454929, -0.492400, 1.000000, 96.000000
1171.909887, -377.246350, 1873.581000, 0.591345, -0.478198, 0.445150, -0.472796, 1.000000, 97.000000
1171.882864, -374.949204, 1842.432461, 0.609010, -0.492002, 0.426399, -0.453077, 1.000000, 98.000000
1170.901907, -373.404653, 1810.995358, 0.617699, -0.500474, 0.415096, -0.442406, 1.000000, 99.000000
1168.659158, -372.050404, 1781.524235, 0.632955, -0.509800, 0.400867, -0.422882, 1.000000, 100.000000
1165.131976, -371.050192, 1757.527311, 0.638839, -0.512490, 0.397261, -0.414093, 1.000000, 101.000000
1160.916347, -368.191958, 1740.195568, 0.645255, -0.510052, 0.405867, -0.398516, 1.000000, 102.000000
1157.536902, -365.451131, 1733.598404, 0.645037, -0.507909, 0.410898, -0.396446, 1.000000, 103.000000
1155.459348, -361.357211, 1737.372127, 0.638476, -0.506083, 0.415838, -0.404177, 1.000000, 104.000000
1154.167551, -356.145283, 1753.704010, 0.633066, -0.504471, 0.418889, -0.411486, 1.000000, 105.000000
1155.562231, -349.299016, 1778.543444, 0.626336, -0.495151, 0.419397, -0.432074, 1.000000, 106.000000
1158.200871, -343.168157, 1804.053129, 0.612371, -0.490451, 0.433526, -0.443360, 1.000000, 107.000000
1161.712887, -335.480562, 1834.314495, 0.593817, -0.479343, 0.466551, -0.447212, 1.000000, 108.000000
1164.778220, -326.683631, 1863.610308, 0.586995, -0.472701, 0.476897, -0.452347, 1.000000, 109.000000
1168.500672, -318.342417, 1889.720619, 0.573289, -0.462687, 0.490398, -0.465652, 1.000000, 110.000000
1169.979178, -308.946100, 1910.696911, 0.560424, -0.454242, 0.500227, -0.478983, 1.000000, 111.000000
1171.384515, -297.478824, 1925.844879, 0.554311, -0.445875, 0.503445, -0.490449, 1.000000, 112.000000
1172.256749, -287.914333, 1932.484176, 0.550695, -0.441434, 0.507274, -0.494578, 1.000000, 113.000000
1173.617469, -280.628767, 1927.941080, 0.554745, -0.442045, 0.500314, -0.496591, 1.000000, 114.000000
1175.388925, -276.851102, 1909.633224, 0.556469, -0.447489, 0.495314, -0.494796, 1.000000, 115.000000
1178.119852, -277.692121, 1886.002384, 0.562874, -0.460336, 0.484061, -0.486837, 1.000000, 116.000000
1180.995978, -283.097182, 1858.777720, 0.575152, -0.486568, 0.462807, -0.467250, 1.000000, 117.000000
1183.306619, -289.711859, 1830.251894, 0.583044, -0.492114, 0.454009, -0.460238, 1.000000, 118.000000
1184.702075, -297.587014, 1804.534835, 0.587705, -0.501180, 0.457368, -0.440789, 1.000000, 119.000000
1185.474882, -305.752431, 1783.782694, 0.590423, -0.506820, 0.453296, -0.434876, 1.000000, 120.000000
1186.183227, -313.560038, 1764.715483, 0.593747, -0.509066, 0.449541, -0.431610, 1.000000, 121.000000
1186.784865, -320.899074, 1750.781436, 0.593500, -0.511377, 0.453434, -0.425097, 1.000000, 122.000000
1187.844362, -327.775707, 1738.753015, 0.594051, -0.514074, 0.452829, -0.421707, 1.000000, 123.000000
1189.153529, -334.484829, 1728.122550, 0.594368, -0.518106, 0.453373, -0.415698, 1.000000, 124.000000
1190.263047, -340.901662, 1720.956768, 0.594260, -0.522131, 0.455353, -0.408593, 1.000000, 125.000000
1191.248711, -347.768055, 1715.909538, 0.594546, -0.523608, 0.457982, -0.403314, 1.000000, 126.000000
1192.017863, -355.100414, 1712.823907, 0.592609, -0.525331, 0.460318, -0.401260, 1.000000, 127.000000
1192.895496, -363.819673, 1711.629297, 0.592161, -0.527383, 0.456711, -0.403346, 1.000000, 128.000000
1193.967531, -373.121666, 1711.998002, 0.589228, -0.532684, 0.454117, -0.403605, 1.000000, 129.000000
1195.302915, -382.641354, 1713.516583, 0.581850, -0.539731, 0.450708, -0.408738, 1.000000, 130.000000
1196.579969, -392.252467, 1715.229193, 0.578567, -0.541045, 0.450664, -0.411699, 1.000000, 131.000000
1197.689774, -402.300294, 1717.576165, 0.575088, -0.542308, 0.452065, -0.413374, 1.000000, 132.000000
1198.169326, -409.441767, 1718.389522, 0.570458, -0.543112, 0.454717, -0.415818, 1.000000, 133.000000
1198.528150, -416.600076, 1719.256161, 0.564934, -0.543095, 0.455889, -0.422054, 1.000000, 134.000000
